[value]

w=[0.8076897522667073, 0.22904337682916728, 0.13024669543669223, -0.8076897522667073, -0.22904337682916728, -0.13024669543669218, -3.7492828524846065e-18, 2.0418304214437976e-17, 0.028582018944036273, -0.028582018944036267, 0.054367844077235966, -0.05436784407723598, 0.04758976835834225, -0.04758976835834224, -0.028582018944036273, 0.028582018944036267, -0.039817346182463735, 0.03981734618246375, -0.10610729767032767, 0.1061072976703277, -0.010440435661884599, 0.010440435661884608, -0.029061256888455927, -0.03753266076805199, 0.029061256888455927, 0.03753266076805199, -0.004111577450035194, 0.004111577450035194, 2.2175699580504137e-17]
mean=[84.53654779686333, 27.635595593726663, 57.593119865571325, 84.53654779686333, 27.635595593726663, 57.593119865571325, 3.322068707991038, 1.3778939507094847, 2.4961258401792383, 2.4961258401792383, 0.4565440627333831, 0.4565440627333831, 0.07202203136669157, 0.07202203136669157, 3.5038741598207617, 3.5038741598207617, 0.1017083644510829, 0.1017083644510829, 0.19702203136669155, 0.19702203136669155, 0.8560026138909634, 0.8560026138909634, 0.03874159820761763, 0.07360903659447349, 0.03874159820761763, 0.07360903659447349, 0.0068614637789395075, 0.0068614637789395075]
std=[24.161969194819164, 21.264945645643746, 31.192582970157396, 24.161969194819164, 21.264945645643746, 31.1925829701574, 2.120855202131669, 0.8071218011537646, 1.7042548569602718, 1.7042548569602716, 0.4981080018593447, 0.4981080018593447, 0.27784360523408286, 0.27784360523408286, 1.7042548569602718, 1.7042548569602716, 0.30226440917151765, 0.30226440917151765, 0.397749104993041, 0.397749104993041, 0.35108708165179187, 0.35108708165179187, 0.2521235865749008, 0.45528791646460337, 0.2521235865749008, 0.4552879164646033, 0.08254928281790658, 0.08254928281790656]
n=21424
acc=60.100821508588496
names=["hp", "mp", "energy", "foe_hp", "foe_mp", "foe_energy", "dist", "shrink", "my_ac", "foe_ac", "my_nade", "foe_nade", "my_flank", "foe_flank", "my_to_pulse", "foe_to_pulse", "my_locked", "foe_locked", "my_noguard", "foe_noguard", "my_rest_ready", "foe_rest_ready", "my_cd_burst", "my_cd_bolt", "foe_cd_burst", "foe_cd_bolt", "my_cc", "foe_cc"]
